line
20 20 0 230 20 0
line
230 20 0 230 230 0
line
230 230 0 20 230 0
line
20 230 0 20 20 0
line
230 20 0 280 20 0
line
280 20 0 280 70 0
line
280 70 0 230 70 0
line
280 70 0 280 100 0
line
280 100 0 230 100 0
line
230 100 0 360 100 0
line
360 100 0 360 20 0
line
360 20 0 280 20 0
line 
360 20 0 360 230 0
line
360 230 0 230 230 0
line
280 80 0 260 80 0
line
260 80 0 260 70 0
line
260 70 0 260 100 0
bezier
20 20 29 93 76 226 230 230
bezier
230 230 300 230 372 153 360 100
bezier
360 100 340 -5 245 6 230 70
bezier
230 70 235 110 275 108 280 80
bezier
280 80 280 68 260 70 260 80
display
save
fib.png
